<?xml version="1.0"?>
<opencv_storage>
<calibration_time>"Fri Apr 26 18:11:24 2024"</calibration_time>
<nr_of_frames>14</nr_of_frames>
<image_width>1920</image_width>
<image_height>1080</image_height>
<board_width>9</board_width>
<board_height>6</board_height>
<square_size>52.</square_size>
<marker_size>0.</marker_size>
<fix_aspect_ratio>1.</fix_aspect_ratio>
<!-- flags: +fix_aspectRatio +fix_principal_point +zero_tangent_dist +fix_k4 +fix_k5 -->
<flags>6158</flags>
<fisheye_model>0</fisheye_model>
<camera_matrix type_id="opencv-matrix">
  <rows>3</rows>
  <cols>3</cols>
  <dt>d</dt>
  <data>
    1015.0475053657783 0. 959.5 0. 1015.0475053657783 539.5 0. 0. 1.</data></camera_matrix>
<distortion_coefficients type_id="opencv-matrix">
  <rows>5</rows>
  <cols>1</cols>
  <dt>d</dt>
  <data>
    0.31834506709037202 -0.78484768547806194 0. 0. 1.1179454014889014</data></distortion_coefficients>
<avg_reprojection_error>0.53279143949578267</avg_reprojection_error>
<per_view_reprojection_errors type_id="opencv-matrix">
  <rows>14</rows>
  <cols>1</cols>
  <dt>f</dt>
  <data>
    0.33782807 0.637697279 0.470677346 0.551493585 0.394494683
    0.881595433 0.464152128 0.483915746 0.385113865 0.747374177
    0.526782036 0.583888531 0.399352968 0.245823368</data></per_view_reprojection_errors>
<!-- a set of 6-tuples (rotation vector + translation vector) for each view -->
<extrinsic_parameters type_id="opencv-matrix">
  <rows>14</rows>
  <cols>6</cols>
  <dt>d</dt>
  <data>
    -0.35574579675197904 0.0039248768880622009 0.0085308477094763312
    -146.23022079688732 -235.66321322744261 1798.6027373347333
    0.24657310603648239 -0.014504620286662205 0.021946316607724892
    -144.93597976121598 -214.95319025267577 1289.6450462823589
    -0.31131747077791427 0.12864969364868159 0.024727824285041212
    -601.9832546574977 -232.96798137850107 1859.4965925976262
    -0.055420668682076582 -0.45709715102292769 0.10546160694192232
    -412.7442339461723 -266.44188127370688 1426.2179336033923
    -0.29531908042414029 -0.34752766326943363 -0.039549699814010915
    -773.08930901004794 -236.4698561074882 1712.7290448704557
    -0.016921202173769852 -0.36229027616159803 0.018223850698652854
    -670.22829574383582 -198.86313975157037 1490.6541667475535
    -0.079324599998010822 0.48810424803380592 -0.085093549612305502
    169.48639043634634 -212.09824672974409 1615.5046436841601
    -0.059799473619424233 0.69571859909373657 0.10448317411703104
    359.74391572049325 -260.61600213779133 1673.377148356192
    -0.31448076348621129 0.57170442480313932 0.07904699602487654
    358.469857278625 -228.73019969245604 1840.5202107377143
    0.18668895930439697 0.54332812462804148 -0.050805776794609951
    151.73490904138524 -208.66584793616127 1462.6479934404117
    -0.065149130142423392 0.56824114976180795 0.010690020823016134
    251.07197490318356 -191.12272003873727 1643.365351329662
    -0.0036191033187947413 0.32501595611482714 0.0031350102582163651
    220.0022754100919 -196.63497360512392 1493.9626742117978
    -0.01408448022735876 -0.0086154926546424711 0.0076853561542029871
    199.09482222195348 -199.12060595790763 1362.9080211909452
    -0.0044168741044912424 0.027202551542995685 0.011144643791292508
    -122.37786020407448 -198.27054913794743 1347.6248835816461</data></extrinsic_parameters>
<image_points type_id="opencv-matrix">
  <rows>14</rows>
  <cols>54</cols>
  <dt>"2f"</dt>
  <data>
    876.178406 405.612579 905.813049 405.989502 935.463074 406.215515
    964.525757 406.39621 994.350342 406.536469 1024.25391 406.485535
    1054.0426 406.74234 1083.74414 406.627808 1114.12219 406.848602
    875.177002 432.287598 905.273621 432.685303 935.044067 433.089722
    964.407288 433.372955 994.429138 433.379303 1024.51001 433.384888
    1054.35144 433.707306 1084.4574 433.828674 1114.72644 433.765137
    874.358582 459.58316 904.304321 460.226562 934.506897 460.16687
    964.344604 460.304932 994.647461 460.424347 1024.6637 460.700256
    1055.12427 460.915405 1085.53687 460.749298 1116.30225 461.134583
    873.523682 487.590973 903.846741 487.897888 934.176453 488.100708
    964.278442 488.243256 994.687073 488.275177 1025.34595 488.29538
    1055.56982 488.185852 1086.48389 488.382935 1116.93628 488.95697
    872.355225 515.762146 903.026306 516.125122 933.617554 515.938293
    964.073975 515.973877 994.927429 516.004761 1025.5249 516.16095
    1056.37244 516.478333 1087.16638 517.491272 1118.23254 517.727112
    871.410278 544.524597 902.322693 544.182251 933.029297 544.262634
    963.880188 544.466187 994.669983 544.710144 1025.76367 545.646667
    1056.57983 545.991455 1088.16968 546.419434 1119.45764 546.654724
    843.633118 368.020813 885.227234 369.348969 926.476379 370.047974
    967.733276 371.067535 1009.41302 371.860474 1050.47998 372.419281
    1092.16785 373.25882 1134.00549 373.710999 1176.03418 374.29126
    844.365051 410.299683 885.454346 411.347839 926.350464 411.960632
    966.734863 413.105621 1007.7962 413.733734 1048.49927 414.510071
    1089.4248 415.418854 1130.57874 415.77948 1171.95862 416.38623
    845.383667 451.366028 885.580872 452.122009 925.980042 453.134186
    965.956482 453.951385 1006.35132 454.700073 1046.41077 455.419525
    1086.67859 455.992371 1127.75305 456.847076 1168.63635 457.627167
    846.045837 490.506989 885.94104 491.528809 925.614502 492.407684
    964.995178 493.160828 1004.90747 493.996277 1044.47937 495.035309
    1084.38965 495.881897 1124.85474 496.559082 1164.77393 497.13092
    846.538208 529.39209 885.967468 529.816833 925.343506 531.151978
    964.160339 532.021362 1003.67255 533.400269 1042.65198 534.226135
    1081.97937 534.744202 1121.69763 535.327393 1161.10583 535.806946
    847.245361 567.151978 885.888794 568.390198 924.460327 569.465698
    963.333679 570.292114 1002.22034 570.990234 1040.76404 571.615234
    1079.60986 571.925903 1118.62964 572.641052 1157.85938 573.649231
    621.231079 408.810303 649.815308 408.788879 678.774658 408.808075
    707.35553 408.742218 736.420837 408.949615 765.341614 408.669159
    794.259155 408.838959 823.349915 408.522797 852.401367 408.333069
    617.120422 435.556976 646.41803 435.886841 675.361328 435.944916
    704.397339 436.071045 733.400085 435.919067 762.277893 435.695679
    791.626709 435.981689 821.172363 436.032959 850.4422 435.964172
    613.092712 462.807861 642.557251 463.399078 671.703552 463.287018
    700.528748 463.247589 730.093506 463.318024 759.590454 463.651337
    788.849365 463.632568 818.44397 463.432678 848.074158 463.321991
    609.397949 490.753876 638.826538 491.270355 668.306396 491.346619
    697.645142 491.428284 727.280762 491.415619 756.500427 491.004517
    785.819885 490.790649 815.926392 490.954956 845.976562 491.655304
    604.945374 519.233582 634.955444 519.553101 664.322449 519.418274
    693.566101 519.229187 723.276306 519.060242 753.051331 519.300171
    782.951599 519.549744 813.532715 520.343323 843.78894 520.458557
    600.548584 548.00415 629.82428 547.707947 659.577881 547.641663
    689.423523 547.799133 719.740417 548.011292 750.238342 548.583252
    780.493591 549.303162 811.064758 549.630981 841.531372 549.871033
    656.722717 344.266632 695.974792 352.378937 733.896973 360.191284
    769.861633 367.332733 805.100769 374.674835 838.719788 381.339447
    871.493835 387.849365 903.205872 394.119324 934.048523 400.387482
    653.575378 382.025848 692.598022 389.475006 730.328125 396.581787
    766.49585 403.220764 801.816223 409.691925 835.948425 415.865936
    868.118591 421.963898 899.910583 427.811005 930.578918 433.159882
    650.208801 419.929108 689.273376 426.632294 727.285706 433.051147
    763.545654 438.95285 798.702148 444.862274 832.147095 450.594025
    865.117493 456.086456 897.043884 461.246368 927.979065 466.350616
