<?xml version="1.0"?>
<opencv_storage>
<calibration_time>"Tue Mar 12 16:07:42 2024"</calibration_time>
<nr_of_frames>10</nr_of_frames>
<image_width>1920</image_width>
<image_height>1080</image_height>
<board_width>9</board_width>
<board_height>6</board_height>
<square_size>50.</square_size>
<marker_size>0.</marker_size>
<fix_aspect_ratio>1.</fix_aspect_ratio>
<!-- flags: +fix_aspectRatio +fix_principal_point +zero_tangent_dist +fix_k4 +fix_k5 -->
<flags>6158</flags>
<fisheye_model>0</fisheye_model>
<camera_matrix type_id="opencv-matrix">
  <rows>3</rows>
  <cols>3</cols>
  <dt>d</dt>
  <data>
    1.0112269946789521e+03 0. 9.5950000000000000e+02 0.
    1.0112269946789521e+03 5.3950000000000000e+02 0. 0. 1.</data></camera_matrix>
<distortion_coefficients type_id="opencv-matrix">
  <rows>5</rows>
  <cols>1</cols>
  <dt>d</dt>
  <data>
    2.2558881818041937e-01 -3.6036802467047796e-01 0. 0.
    2.0238215139610999e-01</data></distortion_coefficients>
<avg_reprojection_error>1.2514374931227061e+00</avg_reprojection_error>
<per_view_reprojection_errors type_id="opencv-matrix">
  <rows>10</rows>
  <cols>1</cols>
  <dt>f</dt>
  <data>
    1.39489210e+00 1.70880592e+00 1.34031880e+00 9.09874797e-01
    1.11124444e+00 1.53439510e+00 6.07172787e-01 1.15327060e+00
    1.19638014e+00 1.20484018e+00</data></per_view_reprojection_errors>
<!-- a set of 6-tuples (rotation vector + translation vector) for each view -->
<extrinsic_parameters type_id="opencv-matrix">
  <rows>10</rows>
  <cols>6</cols>
  <dt>d</dt>
  <data>
    -6.7014589977062777e-01 2.5039111336023595e-01
    2.9504103583534911e+00 2.8678053203045255e+02
    -2.2390261246775019e+01 7.1832111025908478e+02
    -6.1988232838717938e-01 -4.1405165458289095e-01
    -2.9237188093211564e+00 -5.8522101902159669e+00
    9.2107178281426997e+01 5.1747107919386031e+02
    -7.7959506226011208e-02 -5.5442616741872885e-01
    -3.0615421231662898e+00 6.6643539192607705e+01
    4.0229681785805909e+01 5.6818477570217954e+02
    -4.9711119124054903e-01 -2.1828276207486539e-02
    -4.3822945996725093e-02 1.6851105362174442e+02
    6.5625080984543800e+01 8.8591472995091499e+02
    -3.5558299443264002e-01 -8.6456185288887688e-01
    -2.7634014420180257e+00 -1.1102574174728525e+02
    7.5781270290257424e+01 7.8966849371704336e+02 5.9674044697623663e-01
    -1.0991335699075553e+00 -2.8666712987345768e+00
    1.7819823168460800e+02 8.2228607433719660e+01 7.7731435640652114e+02
    -1.3508864169323065e-01 6.1994716518327475e-01
    2.9656995679778508e+00 -2.0863764404791161e+02
    1.8619423039999654e+02 1.2653047258885701e+03 8.5733096622460325e-01
    -6.6872392273373849e-01 -2.9243596605330984e+00
    2.1730676466282841e+01 5.6703990951639398e+01 8.4033318145775991e+02
    -6.0139805436292859e-01 -6.6582179014636020e-02
    -1.9482089590290338e-01 1.7998912986857686e+01
    -3.3795572229051296e+00 7.7413828265462553e+02
    9.8837726051782551e-02 1.0286372121862550e+00 2.9337331650819185e+00
    3.1577130376597577e+01 8.3454571357394258e+01 7.5867824166765502e+02</data></extrinsic_parameters>
<image_points type_id="opencv-matrix">
  <rows>10</rows>
  <cols>54</cols>
  <dt>"2f"</dt>
  <data>
    1.37362427e+03 5.05933624e+02 1.31968701e+03 5.10082214e+02
    1.26317004e+03 5.13613342e+02 1.19843933e+03 5.19500854e+02
    1.13159851e+03 5.24779480e+02 1.06308533e+03 5.30170044e+02
    9.89124146e+02 5.35463928e+02 9.10382996e+02 5.41550476e+02
    8.24737488e+02 5.47506165e+02 1.36212488e+03 4.35842468e+02
    1.30669116e+03 4.38157257e+02 1.24678015e+03 4.41452087e+02
    1.18303699e+03 4.44409088e+02 1.11804871e+03 4.47804932e+02
    1.05053113e+03 4.49743988e+02 9.76471924e+02 4.52538544e+02
    8.98731812e+02 4.54489746e+02 8.13458984e+02 4.57155670e+02
    1.34874390e+03 3.67005707e+02 1.29170215e+03 3.68606873e+02
    1.23265442e+03 3.69675690e+02 1.17128540e+03 3.70383636e+02
    1.10763806e+03 3.69628174e+02 1.03961890e+03 3.69598450e+02
    9.66287048e+02 3.68711060e+02 8.88289612e+02 3.68015137e+02
    8.02702881e+02 3.65979340e+02 1.33555273e+03 2.99702667e+02
    1.27862817e+03 2.99622375e+02 1.22028894e+03 2.98686859e+02
    1.15937598e+03 2.96345276e+02 1.09446985e+03 2.95223267e+02
    1.02721753e+03 2.91487518e+02 9.54086853e+02 2.87597534e+02
    8.76158875e+02 2.82804871e+02 7.91210876e+02 2.77071808e+02
    1.32162036e+03 2.33748993e+02 1.26629370e+03 2.30843231e+02
    1.20884619e+03 2.27340088e+02 1.14722461e+03 2.23741776e+02
    1.08339697e+03 2.18532623e+02 1.01547827e+03 2.13521820e+02
    9.41770996e+02 2.06679123e+02 8.63332214e+02 1.99309052e+02
    7.78449402e+02 1.90142365e+02 1.31141235e+03 1.66117477e+02
    1.25663025e+03 1.60510361e+02 1.19827917e+03 1.56131516e+02
    1.13770935e+03 1.48688400e+02 1.07410840e+03 1.40999298e+02
    1.00477747e+03 1.33825378e+02 9.30601868e+02 1.25236168e+02
    8.53129517e+02 1.12750710e+02 7.66897156e+02 1.02285110e+02
    9.49261047e+02 7.21100891e+02 8.61088318e+02 7.08072021e+02
    7.78750549e+02 6.94978394e+02 7.05407532e+02 6.85215210e+02
    6.36978516e+02 6.75193787e+02 5.70644104e+02 6.66035217e+02
    5.07414703e+02 6.56667419e+02 4.48868713e+02 6.48520935e+02
    3.93209625e+02 6.40152039e+02 9.65364990e+02 6.24386292e+02
    8.79380554e+02 6.14680237e+02 8.01832825e+02 6.07379211e+02
    7.29348633e+02 6.00211609e+02 6.60260132e+02 5.93328491e+02
    5.94025818e+02 5.85643982e+02 5.31567749e+02 5.79471619e+02
    4.71668762e+02 5.72648926e+02 4.16225830e+02 5.66953308e+02
    9.81985657e+02 5.31823181e+02 8.99311279e+02 5.28063477e+02
    8.22469177e+02 5.23327881e+02 7.48794128e+02 5.18667358e+02
    6.78938843e+02 5.12910339e+02 6.14360840e+02 5.08417450e+02
    5.50937927e+02 5.03566376e+02 4.92091553e+02 4.99528687e+02
    4.36458466e+02 4.95171967e+02 9.98174805e+02 4.44638428e+02
    9.16522034e+02 4.44167847e+02 8.40653748e+02 4.42867432e+02
    7.67638977e+02 4.39739441e+02 7.00311279e+02 4.38543945e+02
    6.35322693e+02 4.35120117e+02 5.72609558e+02 4.32334106e+02
    5.13952881e+02 4.29642212e+02 4.57430481e+02 4.26792511e+02
    1.01466113e+03 3.60387573e+02 9.33305420e+02 3.62985046e+02
    8.57327332e+02 3.63545410e+02 7.86104858e+02 3.64466431e+02
    7.18307739e+02 3.63868347e+02 6.55151367e+02 3.64151917e+02
    5.93680481e+02 3.63272705e+02 5.35927490e+02 3.62594482e+02
    4.80779327e+02 3.61869598e+02 1.02877563e+03 2.76419098e+02
    9.47305176e+02 2.80871582e+02 8.73048462e+02 2.86181671e+02
    8.00995117e+02 2.87855591e+02 7.33582092e+02 2.90197388e+02
    6.71772888e+02 2.92823151e+02 6.11847717e+02 2.95082977e+02
    5.53307922e+02 2.94915131e+02 5.00165131e+02 2.97505035e+02
    1.08018811e+03 6.11657532e+02 9.89632263e+02 6.08905029e+02
    9.00323181e+02 6.05628906e+02 8.11944641e+02 6.04957092e+02
    7.24248657e+02 6.03754639e+02 6.35516357e+02 6.02232605e+02
    5.45590881e+02 5.99786865e+02 4.56486389e+02 5.98355713e+02
    3.67451111e+02 5.95914001e+02 1.07987708e+03 5.27366394e+02
    9.91641785e+02 5.25392334e+02 9.05673340e+02 5.24925659e+02
    8.20073181e+02 5.24325806e+02 7.34667542e+02 5.22604553e+02
    6.48911682e+02 5.20128479e+02 5.61756165e+02 5.18516418e+02
    4.74343109e+02 5.15539307e+02 3.87631226e+02 5.13474426e+02
    1.07952661e+03 4.47809357e+02 9.94007568e+02 4.48602203e+02
    9.10463135e+02 4.48322113e+02 8.26799377e+02 4.46797394e+02
    7.43392029e+02 4.44053619e+02 6.60050659e+02 4.41918091e+02
    5.74657104e+02 4.39194733e+02 4.89820587e+02 4.36584259e+02
    4.05244934e+02 4.34132385e+02 1.07922876e+03 3.73584045e+02
    9.96170593e+02 3.75087311e+02 9.14747925e+02 3.75359161e+02
    8.33340149e+02 3.73327271e+02 7.52479309e+02 3.72605682e+02
    6.70952881e+02 3.69460083e+02 5.88319946e+02 3.66473206e+02
    5.05832336e+02 3.63614471e+02 4.22801453e+02 3.60451050e+02
    1.07925513e+03 3.03226654e+02 9.98240234e+02 3.04423920e+02
